var curves = {
"BezierCurve":
[[[-105.048, -280.784, 1.268],  [-92.847, -276.269, 1.268],  [-63.716, -265.490, 1.268]],
  [[6.312, -291.754, 1.268],  [15.670, -293.553, 1.268],  [71.639, -304.308, 1.268]],
  [[81.846, -269.976, 1.268],  [82.549, -261.466, 1.268],  [86.740, -210.733, 1.268]],
  [[17.434, -160.101, 1.268],  [15.284, -153.224, 1.268],  [-7.728, -79.621, 1.268]],
  [[65.769, -75.966, 1.268],  [42.731, -15.601, 1.268],  [1.193, 93.236, 1.268]],
  [[-18.711, 20.306, 1.268],  [-18.735, 12.619, 1.268],  [-18.967, -62.416, 1.268]],
  [[-57.142, -74.189, 1.268],  [-64.039, -74.245, 1.268],  [-99.171, -74.531, 1.268]],
  [[-123.260, -20.998, 1.268],  [-172.228, -50.621, 1.268],  [-279.891, -115.750, 1.268]],
  [[-168.997, -172.247, 1.268],  [-196.658, -209.861, 1.268],  [-214.170, -233.675, 1.268]],
  [[-177.274, -271.460, 1.267],  [-115.680, -281.834, 1.268],  [-112.485, -282.372, 1.268]],
  ],
}
