var curves = {
"BezierCurve":
[[[-0.637, 1.439, 0.151],  [-0.582, 1.466, 0.151],  [-0.392, 1.559, 0.151]],
  [[-0.024, 1.735, 0.151],  [0.156, 1.735, 0.151],  [0.336, 1.735, 0.151]],
  [[1.122, 1.736, 0.151],  [1.302, 1.736, 0.151],  [1.483, 1.736, 0.151]],
  [[1.975, 1.581, 0.151],  [1.865, 0.954, 0.151],  [1.822, 0.705, 0.151]],
  [[0.774, 0.283, 0.151],  [0.665, -0.344, 0.151],  [0.621, -0.593, 0.151]],
  [[0.586, -0.730, 0.151],  [0.477, -1.357, 0.151],  [0.434, -1.606, 0.151]],
  [[-0.015, -2.056, 0.151],  [-0.589, -1.905, 0.151],  [-2.050, -1.520, 0.151]],
  [[-0.030, 0.503, 0.151],  [0.635, 0.804, 0.151],  [0.979, 0.960, 0.151]],
  [[1.109, 1.028, 0.151],  [1.097, 1.221, 0.151],  [1.085, 1.415, 0.151]],
  [[0.931, 1.589, 0.299],  [0.706, 1.763, 0.299],  [0.481, 1.936, 0.299]],
  [[0.185, 2.231, 0.151],  [-0.111, 2.327, 0.151],  [-0.407, 2.423, 0.151]],
  [[-0.703, 2.466, 0.151],  [-0.927, 2.427, 0.151],  [-2.415, 2.167, 0.151]],
  [[-3.209, 1.567, 0.151],  [-3.164, 1.129, 0.151],  [-3.104, 0.558, 0.151]],
  [[-2.513, 0.569, 0.123],  [-1.914, 0.835, 0.123],  [-1.297, 1.110, 0.123]],
  ],
}
